[ui-tour/adddata-tour%3Aenterprise]
version = 7.3.0
modtime = 1562442665.593596000

[history/.dummy_history]
version = 7.3.0
modtime = 1562442804.566460000

[ui-tour/search-tour]
version = 7.3.0
modtime = 1562442806.756592000
