[ui-tour/contents]
version = 7.3.0
modtime = 1562442822.929551000

[history/.dummy_history]
version = 7.3.0
modtime = 1562442828.813714000

[ui-prefs/search]
version = 7.3.0
modtime = 1562747650.088412000

[experiments/c28273bef90a45aeadf32638f8a47731]
version = 7.3.0
modtime = 1562747810.440851000
